[gd_scene load_steps=5 format=2]

[ext_resource path="res://models/nature/nature.meshlib" type="MeshLibrary" id=1]
[ext_resource path="res://levels/AdditionalSquares.gd" type="Script" id=2]
[ext_resource path="res://models/ui/movement_hints/movement_hints.tscn" type="PackedScene" id=3]
[ext_resource path="res://characters/player/player.tscn" type="PackedScene" id=4]

[node name="Level1" type="Spatial"]
transform = Transform( 1, -1.74846e-07, 0, 1.74846e-07, 1, 0, 0, 0, 1, 0, 0, 0 )

[node name="StartingSquare" type="GridMap" parent="."]
mesh_library = ExtResource( 1 )
cell_size = Vector3( 1, 1, 1 )
cell_center_y = false
data = {
"cells": PoolIntArray( 65535, 0, 0 )
}
__meta__ = {
"_editor_clip_": 0
}

[node name="AdditionalSquares" type="GridMap" parent="."]
mesh_library = ExtResource( 1 )
cell_size = Vector3( 1, 1, 1 )
cell_center_y = false
data = {
"cells": PoolIntArray( 0, 0, 0, 65534, 0, 0, 0, 65518, 0, 1, 65518, 0, 2, 65518, 0, 3, 65518, 536870912, 4, 65518, -1610612736, 5, 65518, 0, 0, 65519, -1610612736, 1, 65519, 0, 2, 65519, 0, 3, 65519, 0, 4, 65519, 0, 5, 65519, 0, 0, 65520, 0, 1, 65520, 0, 2, 65520, 0, 3, 65520, 0, 4, 65520, 0, 5, 65520, 536870912, 3, 65521, 0, 4, 65521, 0, 5, 65521, -536870912, 3, 65522, 0, 4, 65522, 0, 5, 65522, 0, 3, 65523, -1610612736, 4, 65523, 0, 5, 65523, 536870912, 3, 65524, 0, 4, 65524, 0, 5, 65524, 536870912, 3, 65525, -1610612736, 4, 65525, 536870912, 5, 65525, 536870912, 3, 65526, 0, 4, 65526, 0, 5, 65526, 0, 3, 65527, 0, 4, 65527, 0, 5, 65527, 0, 0, 65528, 536870912, 1, 65528, 0, 2, 65528, 536870912, 3, 65528, 0, 4, 65528, 536870912, 5, 65528, 0, 65534, 65528, 536870912, 65535, 65528, 0, 0, 65529, 0, 1, 65529, -1610612736, 2, 65529, 0, 3, 65529, 0, 4, 65529, -1610612736, 5, 65529, 0, 65534, 65529, 0, 65535, 65529, 0, 0, 65530, 0, 1, 65530, 536870912, 2, 65530, 0, 3, 65530, 0, 4, 65530, 536870912, 5, 65530, 536870912, 65534, 65530, -1610612736, 65535, 65530, 0, 3, 65531, 0, 4, 65531, 0, 5, 65531, 0, 65534, 65531, 0, 65535, 65531, 0, 2, 65532, 0, 3, 65532, 0, 4, 65532, 0, 5, 65532, 536870912, 65534, 65532, 0, 65535, 65532, 0, 0, 65533, 0, 1, 65533, 0, 2, 65533, -1610612736, 3, 65533, 1073741824, 4, 65533, 536870912, 5, 65533, 0, 65534, 65533, 0, 65535, 65533, 0, 0, 65534, 536870912, 1, 65534, 1073741824, 2, 65534, 0, 3, 65534, 0, 4, 65534, 0, 5, 65534, 0, 65534, 65534, 0, 65535, 65534, 0, 0, 65535, 0, 65534, 65535, 0, 65535, 65535, 0 )
}
script = ExtResource( 2 )
__meta__ = {
"_editor_clip_": 0
}

[node name="DirectionalLight" type="DirectionalLight" parent="."]
transform = Transform( -0.5, 0.612373, -0.612372, -1.4924e-07, 0.707107, 0.707107, 0.866026, 0.353553, -0.353553, -2, 5, -7 )
light_energy = 2.5

[node name="Camera" type="Camera" parent="."]
transform = Transform( 0.707107, 0.5, -0.5, -2.11058e-07, 0.707107, 0.707107, 0.707107, -0.5, 0.5, -5.5, 7, 6.5 )

[node name="Player" parent="." instance=ExtResource( 4 )]
transform = Transform( 0.707107, 5.12112e-08, -0.707107, 5.12112e-08, 1, 1.23635e-07, 0.707107, -1.23635e-07, 0.707107, -0.5, 0.738219, 0 )

[node name="MovementHints" parent="Player" instance=ExtResource( 3 )]
transform = Transform( 0.25, -1.77636e-15, -2.98023e-08, 1.77636e-15, 0.25, 5.32907e-15, 2.98023e-08, -7.10543e-15, 0.25, 0.156921, 0.261781, -0.156921 )
